1.899684 1.258665 2.242676 1
1.342356 2.932620 2.371304 4
1.811893 1.146279 1.976478 7
2.971511 2.243534 11.511731 10
1.866251 2.503952 4.769756 15
2.200553 1.580595 3.478598 16
1.075071 1.135987 1.085706 19
1.146561 2.760667 1.458732 22
2.466970 1.071862 2.632362 23
2.723681 2.056865 7.853393 27
1.007352 1.981620 1.014622 29
1.766575 1.408785 2.229237 32
1.422358 2.719109 2.606441 36
1.564080 1.653879 2.095467 38
2.886593 2.319067 11.685973 41
2.337884 1.100878 2.547001 44
1.544350 2.125543 2.518762 47
1.806728 2.193509 3.660129 51
2.345646 1.581064 3.849538 53
1.109356 1.027408 1.112516 56
1.276208 2.936301 2.046528 59
2.225332 1.882094 4.506397 62
1.173955 1.256870 1.223327 65
1.171034 1.702461 1.308389 68
2.536256 1.618812 4.511412 71
2.094880 1.567523 3.187308 74
2.626893 2.860801 15.846786 77
2.921132 2.144314 9.960660 79
1.491058 2.562196 2.783088 81
2.405892 1.959477 5.586011 84
2.715108 1.243544 3.462848 87
1.889500 2.102710 3.811338 91
2.096340 2.319209 5.565918 94
1.567220 2.338329 2.859420 96
2.314663 2.058794 5.628664 99
1.740218 1.252135 2.001097 102
2.378838 1.456974 3.534710 105
2.172232 1.522486 3.257880 108
1.029648 2.894160 1.088236 111
1.324841 2.611418 2.084591 114
2.474707 1.529365 3.997989 117
2.307864 1.398970 3.221962 120
2.607361 2.337186 9.391600 123
1.388231 1.885293 1.856017 125
2.584688 1.147530 2.973381 128
1.292065 1.631079 1.518845 131
1.282925 1.684347 1.521417 136
1.232187 2.462955 1.672371 139
1.826304 1.434003 2.371901 142
2.426633 1.223377 2.958048 145
1.093859 2.811467 1.286881 148
1.223850 1.435669 1.336438 151
2.472061 1.114354 2.741618 154
2.690576 2.461535 11.430868 157
1.068411 1.556095 1.108459 160
1.834529 1.309866 2.214022 162
2.171702 1.569248 3.376940 164
2.126289 1.933401 4.299571 167
1.565795 1.123099 1.654652 170
1.666168 1.634652 2.303737 173
1.261563 2.885768 1.955237 175
1.940912 2.573979 5.512146 178
1.206622 1.908234 1.431057 179
1.748426 2.796263 4.769859 182
1.834298 1.209539 2.082942 185
2.083884 1.721552 3.539626 188
2.378395 2.535593 8.997103 192
1.965179 2.009420 3.886584 195
2.487790 1.624815 4.396671 198
1.893412 2.517890 4.989683 201
2.768837 2.687896 15.447195 205
2.692299 2.594634 13.062076 208
2.466369 2.324972 8.156877 210
2.615861 1.334185 3.607243 213
1.558920 2.926761 3.667324 216
1.186798 2.105568 1.434186 219
1.186555 1.693443 1.335987 222
1.874768 2.646646 5.277105 224
1.657749 2.370850 3.314716 227
1.622968 2.410619 3.213489 231
1.829033 2.140609 3.641782 234
2.559987 2.622245 11.762491 237
2.737539 2.841029 17.480471 240
1.162939 1.810239 1.314236 242
1.300616 1.098520 1.334736 245
2.717328 1.814347 6.133161 247
1.225826 2.634363 1.709833 250
2.988472 1.873700 7.777668 252
2.944347 2.731754 19.105687 255
2.269234 1.603076 3.719648 258
1.731565 2.679975 4.355223 262
1.230719 2.993552 1.861637 266
1.246536 2.792109 1.850198 269
2.597572 1.504625 4.205026 272
2.621440 2.316747 9.325050 276
1.205381 2.196671 1.507313 279
2.968378 1.099107 3.306353 282
2.171124 1.389818 2.937179 284
1.993354 2.909389 7.440595 287
1.343618 2.953658 2.392671 290
