0.118162 0.117887 2
0.272790 0.269419 5
0.973659 0.826948 6
0.198570 0.197268 9
0.546845 0.519995 14
0.737929 0.672757 18
0.577260 0.545730 20
0.234807 0.232655 25
0.733086 0.669166 26
0.572802 0.541989 31
0.387466 0.377843 34
0.987421 0.834608 35
0.227712 0.225749 40
0.178991 0.178037 43
0.773578 0.698700 46
0.326801 0.321015 49
0.515628 0.493082 54
0.017867 0.017866 57
0.292121 0.287984 60
0.627059 0.586766 63
0.857915 0.756481 66
0.731081 0.667675 69
0.823524 0.733545 72
0.145269 0.144758 75
0.555437 0.527314 78
0.617627 0.579102 83
0.128566 0.128212 86
0.592279 0.558253 89
0.890676 0.777497 92
0.856871 0.755797 95
0.741871 0.675668 97
0.024069 0.024067 100
0.536271 0.510934 103
0.503429 0.482432 106
0.280353 0.276695 109
0.364539 0.356518 112
0.197641 0.196357 115
0.509831 0.488030 118
0.434246 0.420726 121
0.957576 0.817799 124
0.644132 0.600505 126
0.260448 0.257514 129
0.384197 0.374815 132
0.326736 0.320953 134
0.261290 0.258327 137
0.829971 0.737912 140
0.055097 0.055069 143
0.047116 0.047099 146
0.963707 0.821312 149
0.955997 0.816889 153
0.397240 0.386875 156
0.987660 0.834740 159
0.907528 0.787984 161
0.614335 0.576416 166
0.786782 0.708085 169
0.345675 0.338832 172
0.403455 0.392598 176
0.101004 0.100832 180
0.270863 0.267563 183
0.229263 0.227260 186
0.471488 0.454213 189
0.852505 0.752931 191
0.323669 0.318047 194
0.583140 0.550647 197
0.729455 0.666464 200
0.647021 0.602812 203
0.915131 0.792643 206
0.838733 0.743797 211
0.241203 0.238871 214
0.083435 0.083338 217
0.639549 0.596833 220
0.960067 0.819230 225
0.719679 0.659143 228
0.843529 0.746994 232
0.563907 0.534492 235
0.013063 0.013063 238
0.500123 0.479533 243
0.374958 0.366234 246
0.023197 0.023195 248
0.589371 0.555838 253
0.334013 0.327837 256
0.295232 0.290962 259
0.069828 0.069772 263
0.973907 0.827088 265
0.406412 0.395316 268
0.010673 0.010673 271
0.550089 0.522763 273
0.195313 0.194074 275
0.799372 0.716918 278
0.752376 0.683375 281
0.637423 0.595126 283
0.876376 0.768425 286
0.296610 0.292279 289
0.996783 0.839728 292
0.461675 0.445448 294
0.970686 0.825274 295
0.444702 0.430189 296
0.078478 0.078398 297
0.450022 0.434985 298
0.705060 0.648080 299
