1.668810 1.291824 0
1.906307 1.380691 3
1.256381 1.120884 8
1.429857 1.195766 11
2.861200 1.691508 12
1.465945 1.210762 13
1.303344 1.141641 17
1.885199 1.373026 21
1.355526 1.164271 24
1.773471 1.331717 28
2.237082 1.495688 30
2.967327 1.722593 33
2.799410 1.673144 37
2.029985 1.424776 39
1.908394 1.381446 42
2.217557 1.489146 45
1.410843 1.187789 48
1.654341 1.286212 50
2.170648 1.473312 52
2.609508 1.615397 55
2.716706 1.648243 58
1.152724 1.073650 61
2.292792 1.514197 64
1.945554 1.394831 67
2.607522 1.614782 70
2.565868 1.601833 73
2.150386 1.466419 76
1.837724 1.355627 80
2.531767 1.591153 82
2.282263 1.510716 85
2.413906 1.553675 88
2.746755 1.657334 90
2.579698 1.606144 93
1.483866 1.218140 98
2.958208 1.719944 101
2.350217 1.533042 104
2.423121 1.556638 107
1.720755 1.311776 110
1.537202 1.239840 113
2.854549 1.689541 116
1.975548 1.405542 119
2.488017 1.577345 122
1.238588 1.112919 127
2.255406 1.501801 130
2.173642 1.474328 133
1.992117 1.411424 135
2.651977 1.628489 138
1.194599 1.092977 141
1.221326 1.105136 144
1.124502 1.060425 147
2.778585 1.666909 150
1.731730 1.315952 152
1.276211 1.129695 155
2.737460 1.654527 158
1.631817 1.277426 163
2.243473 1.497823 165
1.013943 1.006947 168
2.852441 1.688917 171
1.627402 1.275697 174
2.175356 1.474909 177
1.733098 1.316472 181
1.303722 1.141806 184
1.421873 1.192423 187
1.327696 1.152257 190
2.010667 1.417980 193
2.779146 1.667077 196
1.835153 1.354678 199
2.257398 1.502464 202
2.228593 1.492847 204
2.279290 1.509732 207
2.311899 1.520493 209
2.581457 1.606691 212
2.927627 1.711031 215
1.595625 1.263181 218
2.471363 1.572057 221
1.337612 1.156552 223
2.183925 1.477811 226
2.892023 1.700595 229
1.648939 1.284110 230
2.702286 1.643863 233
2.352379 1.533747 236
2.544804 1.595244 239
2.644978 1.626339 241
2.242578 1.497524 244
1.682020 1.296927 249
2.257107 1.502367 251
1.346150 1.160237 254
1.951349 1.396907 257
2.449657 1.565138 260
2.542030 1.594374 261
2.085040 1.443967 264
1.685169 1.298140 267
1.098264 1.047981 270
1.923331 1.386842 274
2.907156 1.705038 277
1.939369 1.392612 280
1.953596 1.397711 285
2.502843 1.582037 288
1.630173 1.276782 291
1.416735 1.190267 293
